1 577 61 1
1 577 64 2
1 577 80 3
1 577 107 4
1 577 150 5
1 577 177 6
1 577 219 7
1 577 247 8
1 577 259 9
1 577 266 10
1 577 269 11
1 577 263 12
1 577 238 13
1 577 215 14
1 577 192 15
1 577 165 16
1 577 162 17
1 577 143 18
1 577 54 19
1 577 59 20
1 577 71 21
1 577 83 22
1 577 114 23
1 577 128 24
1 577 148 25
1 577 162 26
1 577 178 27
1 577 183 28
1 577 175 29
1 577 179 30
1 577 174 31
1 577 158 32
1 577 145 33
1 577 129 34
1 577 121 35
1 577 114 36
1 577 58 37
1 577 63 38
1 577 70 39
1 577 95 40
1 577 135 41
1 577 160 42
1 577 177 43
1 577 191 44
1 577 199 45
1 577 206 46
1 577 198 47
1 577 208 48
1 577 200 49
1 577 175 50
1 577 158 51
1 577 153 52
1 577 135 53
1 577 129 54
1 577 58 55
1 577 61 56
1 577 75 57
1 577 103 58
1 577 128 59
1 577 172 60
1 577 188 61
1 577 199 62
1 577 210 63
1 577 206 64
1 577 200 65
1 577 201 66
1 577 193 67
1 577 181 68
1 577 172 69
1 577 159 70
1 577 158 71
1 577 132 72
1 577 58 73
1 577 61 74
1 577 75 75
1 577 104 76
1 577 158 77
1 577 191 78
1 577 223 79
1 577 254 80
1 577 306 81
1 577 320 82
1 577 348 83
1 577 357 84
1 577 395 85
1 577 400 86
1 577 395 87
1 577 406 88
1 577 381 89
1 577 365 90
1 577 42 91
1 577 42 92
1 577 43 93
1 577 43 94
1 577 50 95
1 577 64 96
1 577 100 97
1 577 126 98
1 577 148 99
1 577 170 100
1 577 189 101
1 577 205 102
1 577 208 103
1 577 209 104
1 577 191 105
1 577 180 106
1 577 155 107
1 577 133 108
1 577 54 109
1 577 56 110
1 577 65 111
1 577 73 112
1 577 92 113
1 577 113 114
1 577 144 115
1 577 149 116
1 577 159 117
1 577 171 118
1 577 176 119
1 577 172 120
1 577 161 121
1 577 154 122
1 577 137 123
1 577 129 124
1 577 130 125
1 577 114 126
1 577 56 127
1 577 64 128
1 577 74 129
1 577 93 130
1 577 129 131
1 577 167 132
1 577 200 133
1 577 219 134
1 577 225 135
1 577 221 136
1 577 217 137
1 577 217 138
1 577 208 139
1 577 191 140
1 577 167 141
1 577 159 142
1 577 150 143
1 577 127 144
1 577 51 145
1 577 57 146
1 577 64 147
1 577 73 148
1 577 99 149
1 577 112 150
1 577 127 151
1 577 128 152
1 577 143 153
1 577 158 154
1 577 157 155
1 577 164 156
1 577 167 157
1 577 159 158
1 577 140 159
1 577 128 160
1 577 121 161
1 577 111 162
1 577 58 163
1 577 65 164
1 577 76 165
1 577 97 166
1 577 127 167
1 577 166 168
1 577 200 169
1 577 220 170
1 577 230 171
1 577 231 172
1 577 214 173
1 577 203 174
1 577 205 175
1 577 181 176
1 577 162 177
1 577 144 178
1 577 132 179
1 577 130 180
1 577 53 181
1 577 57 182
1 577 67 183
1 577 100 184
1 577 134 185
1 577 157 186
1 577 205 187
1 577 220 188
1 577 224 189
1 577 213 190
1 577 205 191
1 577 201 192
1 577 182 193
1 577 174 194
1 577 171 195
1 577 161 196
1 577 138 197
1 577 134 198
1 577 53 199
1 577 63 200
1 577 77 201
1 577 101 202
1 577 154 203
1 577 171 204
1 577 211 205
1 577 239 206
1 577 276 207
1 577 297 208
1 577 332 209
1 577 352 210
1 577 391 211
1 577 409 212
1 577 442 213
1 577 428 214
1 577 412 215
1 577 393 216
1 577 48 217
1 577 48 218
1 577 55 219
1 577 57 220
1 577 57 221
1 577 56 222
1 577 56 223
1 577 56 224
1 577 65 225
1 577 105 226
1 577 131 227
1 577 146 228
1 577 170 229
1 577 180 230
1 577 192 231
1 577 185 232
1 577 173 233
1 577 154 234
1 577 50 235
1 577 54 236
1 577 66 237
1 577 76 238
1 577 112 239
1 577 119 240
1 577 144 241
1 577 153 242
1 577 159 243
1 577 154 244
1 577 154 245
1 577 157 246
1 577 161 247
1 577 147 248
1 577 133 249
1 577 121 250
1 577 115 251
1 577 110 252
1 577 57 253
1 577 60 254
1 577 72 255
1 577 91 256
1 577 145 257
1 577 178 258
1 577 220 259
1 577 228 260
1 577 231 261
1 577 224 262
1 577 237 263
1 577 227 264
1 577 226 265
1 577 200 266
1 577 165 267
1 577 157 268
1 577 149 269
1 577 124 270
1 577 49 271
1 577 51 272
1 577 59 273
1 577 76 274
1 577 105 275
1 577 135 276
1 577 156 277
1 577 177 278
1 577 181 279
1 577 171 280
1 577 165 281
1 577 167 282
1 577 161 283
1 577 156 284
1 577 144 285
1 577 127 286
1 577 117 287
1 577 110 288
1 577 57 289
1 577 59 290
1 577 72 291
1 577 93 292
1 577 130 293
1 577 156 294
1 577 198 295
1 577 239 296
1 577 261 297
1 577 324 298
1 577 359 299
1 577 380 300
1 577 408 301
1 577 430 302
1 577 424 303
1 577 403 304
1 577 384 305
1 577 340 306
1 577 47 307
1 577 48 308
1 577 51 309
1 577 50 310
1 577 54 311
1 577 60 312
1 577 80 313
1 577 107 314
1 577 125 315
1 577 144 316
1 577 175 317
1 577 192 318
1 577 215 319
1 577 226 320
1 577 219 321
1 577 215 322
1 577 179 323
1 577 150 324
1 577 47 325
1 577 55 326
1 577 62 327
1 577 73 328
1 577 87 329
1 577 114 330
1 577 137 331
1 577 155 332
1 577 173 333
1 577 191 334
1 577 198 335
1 577 208 336
1 577 219 337
1 577 215 338
1 577 209 339
1 577 209 340
1 577 192 341
1 577 175 342
1 577 54 343
1 577 55 344
1 577 82 345
1 577 95 346
1 577 129 347
1 577 173 348
1 577 202 349
1 577 249 350
1 577 290 351
1 577 303 352
1 577 331 353
1 577 345 354
1 577 363 355
1 577 365 356
1 577 340 357
1 577 302 358
1 577 273 359
1 577 226 360
1 577 56 361
1 577 63 362
1 577 70 363
1 577 87 364
1 577 108 365
1 577 125 366
1 577 159 367
1 577 182 368
1 577 198 369
1 577 205 370
1 577 231 371
1 577 244 372
1 577 260 373
1 577 267 374
1 577 252 375
1 577 238 376
1 577 212 377
1 577 180 378
1 577 54 379
1 577 60 380
1 577 69 381
1 577 90 382
1 577 102 383
1 577 117 384
1 577 160 385
1 577 189 386
1 577 207 387
1 577 222 388
1 577 247 389
1 577 271 390
1 577 279 391
1 577 280 392
1 577 266 393
1 577 263 394
1 577 241 395
1 577 225 396
1 577 57 397
1 577 57 397
1 577 69 398
1 577 99 399
1 577 135 400
1 577 171 401
1 577 196 402
1 577 230 403
1 577 262 404
1 577 269 405
1 577 266 406
1 577 275 407
1 577 296 408
1 577 290 409
1 577 282 410
1 577 269 411
1 577 256 412
1 577 220 413
1 577 51 414
1 577 56 415
1 577 66 416
1 577 91 417
1 577 124 418
1 577 164 419
1 577 213 420
1 577 267 421
1 577 314 422
1 577 339 423
1 577 338 424
1 577 368 425
1 577 366 426
1 577 374 427
1 577 414 428
1 577 417 429
1 577 417 430
1 577 369 431
1 577 43 432
1 577 43 432
1 577 43 432
1 577 44 433
1 577 45 434
1 577 44 435
1 577 47 436
1 577 61 437
1 577 84 438
1 577 107 439
1 577 122 440
1 577 142 441
1 577 169 442
1 577 177 443
1 577 182 444
1 577 183 445
1 577 157 446
1 577 147 447
1 577 49 448
1 577 58 449
1 577 67 450
1 577 92 451
1 577 111 452
1 577 129 453
1 577 166 454
1 577 178 455
1 577 198 456
1 577 199 457
1 577 198 458
1 577 201 459
1 577 189 460
1 577 185 461
1 577 160 462
1 577 141 463
1 577 130 464
1 577 121 465
1 577 50 466
1 577 54 467
1 577 69 468
1 577 91 469
1 577 135 470
1 577 163 471
1 577 185 472
1 577 207 473
1 577 239 474
1 577 244 475
1 577 243 476
1 577 241 477
1 577 229 478
1 577 199 479
1 577 180 480
1 577 167 481
1 577 153 482
1 577 133 483
1 577 50 484
1 577 52 485
1 577 57 486
1 577 81 487
1 577 97 488
1 577 125 489
1 577 144 490
1 577 167 491
1 577 169 492
1 577 184 493
1 577 192 494
1 577 188 495
1 577 188 496
1 577 171 497
1 577 153 498
1 577 130 499
1 577 125 500
1 577 115 501
1 577 51 502
1 577 56 503
1 577 60 504
1 577 80 505
1 577 119 506
1 577 138 507
1 577 185 508
1 577 195 509
1 577 195 510
1 577 191 511
1 577 196 512
1 577 191 513
1 577 187 514
1 577 177 515
1 577 154 516
1 577 142 517
1 577 120 518
1 577 108 519
1 577 48 520
1 577 56 521
1 577 71 522
1 577 97 523
1 577 115 524
1 577 135 525
1 577 154 526
1 577 179 527
1 577 183 528
1 577 182 529
1 577 171 530
1 577 173 531
1 577 179 532
1 577 167 533
1 577 156 534
1 577 145 535
1 577 136 536
1 577 119 537
1 577 43 538
1 577 48 539
1 577 59 540
1 577 90 541
1 577 135 542
1 577 181 543
1 577 224 544
1 577 243 545
1 577 278 546
1 577 288 547
1 577 331 548
1 577 351 549
1 577 361 550
1 577 346 551
1 577 369 552
1 577 390 553
1 577 368 554
1 577 340 555
1 577 35 556
1 577 35 557
1 577 36 558
1 577 39 559
1 577 46 560
1 577 53 561
1 577 77 562
1 577 96 563
1 577 124 564
1 577 153 565
1 577 178 566
1 577 188 567
1 577 216 568
1 577 225 569
1 577 211 570
1 577 188 571
1 577 163 572
1 577 130 573
1 577 30 574
1 577 38 575
1 577 49 576
1 577 61 577
1 577 87 578
1 577 110 579
1 577 142 580
1 577 157 581
1 577 157 582
1 577 160 583
1 577 154 584
1 577 161 585
1 577 162 586
1 577 156 587
1 577 148 588
1 577 124 589
1 577 119 590
1 577 118 591
1 577 34 592
1 577 36 593
1 577 46 594
1 577 68 595
1 577 112 596
1 577 150 597
1 577 178 598
1 577 196 599
1 577 236 600
1 577 250 601
1 577 253 602
1 577 237 603
1 577 223 604
1 577 196 605
1 577 163 606
1 577 144 607
1 577 127 608
1 577 106 609
1 577 32 610
1 577 37 611
1 577 43 612
1 577 61 613
1 577 88 614
1 577 107 615
1 577 130 616
1 577 151 617
1 577 152 618
1 577 160 619
1 577 172 620
1 577 172 621
1 577 163 622
1 577 152 623
1 577 134 624
1 577 124 625
1 577 108 626
1 577 94 627
1 577 36 628
1 577 41 629
1 577 49 630
1 577 65 631
1 577 93 632
1 577 126 633
1 577 160 634
1 577 186 635
1 577 201 636
1 577 208 637
1 577 208 638
1 577 200 639
1 577 201 640
1 577 190 641
1 577 162 642
1 577 153 643
1 577 147 644
1 577 136 645
1 577 39 646
1 577 42 647
1 577 63 648
1 577 82 649
1 577 122 650
1 577 147 651
1 577 169 652
1 577 191 653
1 577 188 654
1 577 178 655
1 577 164 656
1 577 166 657
1 577 170 658
1 577 161 659
1 577 162 660
1 577 142 661
1 577 138 662
1 577 124 663
1 577 33 664
1 577 37 665
1 577 50 666
1 577 73 667
1 577 124 668
1 577 159 669
1 577 212 670
1 577 251 671
1 577 291 672
1 577 306 673
1 577 321 674
1 577 341 675
1 577 383 676
1 577 416 677
1 577 449 678
1 577 442 679
1 577 418 680
1 577 356 681
1 577 23 682
1 577 24 683
1 577 27 684
1 577 28 685
1 577 32 686
1 577 46 687
1 577 69 688
1 577 95 689
1 577 128 690
1 577 154 691
1 577 191 692
1 577 204 693
1 577 220 694
1 577 233 695
1 577 220 696
1 577 205 697
1 577 170 698
1 577 133 699
1 577 31 700
1 577 36 701
1 577 42 702
1 577 61 703
1 577 85 704
1 577 99 705
1 577 129 706
1 577 135 707
1 577 158 708
1 577 154 709
1 577 163 710
1 577 152 711
1 577 143 712
1 577 126 713
1 577 121 714
1 577 113 715
1 577 103 716
1 577 89 717
1 577 32 718
1 577 38 719
1 577 47 720
1 577 79 721
1 577 113 722
1 577 171 723
1 577 209 724
1 577 226 725
1 577 227 726
1 577 222 727
1 577 230 728
1 577 233 729
1 577 248 730
1 577 216 731
1 577 170 732
1 577 158 733
1 577 136 734
1 577 114 735
1 577 38 736
1 577 40 737
1 577 54 738
1 577 64 739
1 577 99 740
1 577 129 741
1 577 149 742
1 577 163 743
1 577 174 744
1 577 172 745
1 577 176 746
1 577 187 747
1 577 182 748
1 577 181 749
1 577 159 750
1 577 145 751
1 577 140 752
1 577 125 753
1 577 34 754
1 577 38 755
1 577 51 756
1 577 69 757
1 577 108 758
1 577 146 759
1 577 182 760
1 577 186 761
1 577 209 762
1 577 210 763
1 577 214 764
1 577 212 765
1 577 193 766
1 577 175 767
1 577 150 768
1 577 136 769
1 577 130 770
1 577 114 771
1 577 35 772
1 577 35 772
1 577 37 773
1 577 73 774
1 577 117 775
1 577 157 776
1 577 194 777
1 577 197 778
1 577 205 779
1 577 193 780
1 577 201 781
1 577 217 782
1 577 213 783
1 577 196 784
1 577 168 785
1 577 164 786
1 577 154 787
1 577 140 788
1 577 29 789
1 577 34 790
1 577 51 791
1 577 102 792
1 577 152 793
1 577 196 794
1 577 235 795
1 577 269 796
1 577 293 797
1 577 340 798
1 577 400 799
1 577 429 800
1 577 492 801
1 577 473 802
1 577 482 803
1 577 489 804
1 577 452 805
1 577 431 806
1 577 20 807
1 577 22 808
1 577 21 809
1 577 24 810
1 577 28 811
1 577 44 812
1 577 95 813
1 577 128 814
1 577 163 815
1 577 194 816
1 577 246 817
1 577 268 818
1 577 307 819
1 577 309 820
1 577 290 821
1 577 276 822
1 577 231 823
1 577 180 824
1 577 26 825
1 577 32 826
1 577 39 827
1 577 54 828
1 577 78 829
1 577 92 830
1 577 99 831
1 577 115 832
1 577 122 833
1 577 136 834
1 577 146 835
1 577 147 836
1 577 138 837
1 577 119 838
1 577 111 839
1 577 98 840
1 577 93 841
1 577 83 842
1 577 24 843
1 577 32 844
1 577 45 845
1 577 66 846
1 577 116 847
1 577 154 848
1 577 188 849
1 577 209 850
1 577 228 851
1 577 232 852
1 577 234 853
1 577 234 854
1 577 227 855
1 577 205 856
1 577 175 857
1 577 160 858
1 577 137 859
1 577 122 860
1 577 28 861
1 577 29 862
1 577 34 863
1 577 47 864
1 577 72 865
1 577 100 866
1 577 128 867
1 577 152 868
1 577 166 869
1 577 177 870
1 577 187 871
1 577 181 872
1 577 177 873
1 577 150 874
1 577 126 875
1 577 119 876
1 577 102 877
1 577 92 878
1 577 32 879
1 577 34 880
1 577 52 881
1 577 81 882
1 577 110 883
1 577 131 884
1 577 167 885
1 577 187 886
1 577 200 887
1 577 211 888
1 577 230 889
1 577 219 890
1 577 214 891
1 577 194 892
1 577 176 893
1 577 157 894
1 577 147 895
1 577 134 896
1 577 44 897
1 577 44 897
1 577 60 898
1 577 106 899
1 577 222 900
1 577 283 901
1 577 331 902
1 577 370 903
1 577 380 904
1 577 390 905
1 577 386 906
1 577 384 907
1 577 357 908
1 577 355 909
1 577 341 910
1 577 333 911
1 577 264 912
1 577 248 913
1 577 39 914
1 577 41 915
1 577 59 916
1 577 111 917
1 577 160 918
1 577 195 919
1 577 247 920
1 577 298 921
1 577 368 922
1 577 428 923
1 577 489 924
1 577 508 925
1 577 551 926
1 577 573 927
1 577 567 928
1 577 551 929
1 577 543 930
1 577 501 931
1 577 22 932
1 577 22 933
1 577 23 934
1 577 24 935
1 577 35 936
1 577 65 937
1 577 98 938
1 577 147 939
1 577 177 940
1 577 223 941
1 577 259 942
1 577 291 943
1 577 304 944
1 577 300 945
1 577 292 946
1 577 283 947
1 577 240 948
1 577 199 949
1 577 20 950
1 577 28 951
1 577 33 952
1 577 51 953
1 577 82 954
1 577 112 955
1 577 147 956
1 577 187 957
1 577 205 958
1 577 217 959
1 577 224 960
1 577 224 961
1 577 209 962
1 577 199 963
1 577 171 964
1 577 150 965
1 577 131 966
1 577 133 967
1 577 20 968
1 577 24 969
1 577 38 970
1 577 53 971
1 577 90 972
1 577 132 973
1 577 165 974
1 577 188 975
1 577 192 976
1 577 206 977
1 577 208 978
1 577 206 979
1 577 180 980
1 577 169 981
1 577 152 982
1 577 138 983
1 577 128 984
1 577 114 985
1 577 17 986
1 577 24 987
1 577 35 988
1 577 49 989
1 577 81 990
1 577 107 991
1 577 134 992
1 577 159 993
1 577 182 994
1 577 189 995
1 577 204 996
1 577 201 997
1 577 196 998
1 577 181 999
1 577 154 1000
1 577 132 1001
1 577 114 1002
1 577 106 1003
1 577 22 1004
1 577 22 1005
1 577 31 1006
1 577 47 1007
1 577 94 1008
1 577 127 1009
1 577 153 1010
1 577 174 1011
1 577 196 1012
1 577 191 1013
1 577 207 1014
1 577 203 1015
1 577 190 1016
1 577 173 1017
1 577 168 1018
1 577 153 1019
1 577 123 1020
1 577 108 1021
1 577 18 1022
1 577 24 1023
1 577 40 1024
1 577 58 1025
1 577 91 1026
1 577 122 1027
1 577 155 1028
1 577 181 1029
1 577 197 1030
1 577 196 1031
1 577 200 1032
1 577 203 1033
1 577 196 1034
1 577 186 1035
1 577 175 1036
1 577 149 1037
1 577 131 1038
1 577 105 1039
1 577 11 1040
1 577 14 1041
1 577 26 1042
1 577 39 1043
1 577 63 1044
1 577 87 1045
1 577 113 1046
1 577 126 1047
1 577 148 1048
1 577 161 1049
1 577 172 1050
1 577 177 1051
1 577 170 1052
1 577 165 1053
1 577 149 1054
1 577 142 1055
1 577 106 1056
1 577 95 1057
1 577 11 1058
1 577 11 1059
1 577 22 1060
1 577 39 1061
1 577 83 1062
1 577 120 1063
1 577 194 1064
1 577 220 1065
1 577 226 1066
1 577 240 1067
1 577 238 1068
1 577 229 1069
1 577 208 1070
1 577 199 1071
1 577 178 1072
1 577 150 1073
1 577 128 1074
1 577 111 1075
1 577 11 1076
1 577 15 1077
1 577 20 1078
1 577 34 1079
1 577 68 1080
1 577 97 1081
1 577 136 1082
1 577 150 1083
1 577 177 1084
1 577 172 1085
1 577 178 1086
1 577 183 1087
1 577 174 1088
1 577 157 1089
1 577 137 1090
1 577 125 1091
1 577 115 1092
1 577 103 1093
1 577 14 1094
1 577 17 1095
1 577 26 1096
1 577 44 1097
1 577 82 1098
1 577 124 1099
1 577 159 1100
1 577 186 1101
1 577 209 1102
1 577 219 1103
1 577 223 1104
1 577 216 1105
1 577 215 1106
1 577 196 1107
1 577 169 1108
1 577 148 1109
1 577 138 1110
1 577 105 1111
1 577 12 1112
1 577 19 1113
1 577 27 1114
1 577 58 1115
1 577 89 1116
1 577 133 1117
1 577 161 1118
1 577 190 1119
1 577 205 1120
1 577 203 1121
1 577 210 1122
1 577 209 1123
1 577 217 1124
1 577 217 1125
1 577 200 1126
1 577 162 1127
1 577 157 1128
1 577 136 1129
1 577 7 1130
1 577 14 1131
1 577 45 1132
1 577 84 1133
1 577 124 1134
1 577 165 1135
1 577 201 1136
1 577 244 1137
1 577 294 1138
1 577 344 1139
1 577 383 1140
1 577 408 1141
1 577 455 1142
1 577 467 1143
1 577 476 1144
1 577 458 1145
1 577 453 1146
1 577 420 1147
1 577 3 1148
1 577 2 1149
1 577 3 1150
1 577 5 1151
1 577 11 1152
1 577 35 1153
1 577 82 1154
1 577 117 1155
1 577 162 1156
1 577 204 1157
1 577 257 1158
1 577 288 1159
1 577 314 1160
1 577 324 1161
1 577 325 1162
1 577 324 1163
1 577 285 1164
1 577 255 1165
1 577 7 1166
1 577 11 1167
1 577 23 1168
1 577 40 1169
1 577 75 1170
1 577 99 1171
1 577 142 1172
1 577 157 1173
1 577 157 1174
1 577 167 1175
1 577 181 1176
1 577 189 1177
1 577 184 1178
1 577 165 1179
1 577 159 1180
1 577 131 1181
1 577 115 1182
1 577 95 1183
1 577 14 1184
1 577 20 1185
1 577 33 1186
1 577 59 1187
1 577 91 1188
1 577 132 1189
1 577 175 1190
1 577 185 1191
1 577 209 1192
1 577 216 1193
1 577 227 1194
1 577 210 1195
1 577 181 1196
1 577 159 1197
1 577 129 1198
1 577 103 1199
1 577 88 1200
1 577 14 1201
1 577 18 1202
1 577 22 1203
1 577 42 1204
1 577 80 1205
1 577 103 1206
1 577 149 1207
1 577 170 1208
1 577 177 1209
1 577 200 1210
1 577 206 1211
1 577 198 1212
1 577 173 1213
1 577 161 1214
1 577 142 1215
1 577 145 1216
1 577 134 1217
1 577 14 1218
1 577 19 1219
1 577 31 1220
1 577 63 1221
1 577 100 1222
1 577 137 1223
1 577 169 1224
1 577 185 1225
1 577 215 1226
1 577 228 1227
1 577 219 1228
1 577 207 1229
1 577 203 1230
1 577 183 1231
1 577 164 1232
1 577 148 1233
1 577 140 1234
1 577 130 1235
1 577 11 1236
1 577 19 1237
1 577 35 1238
1 577 68 1239
1 577 104 1240
1 577 130 1241
1 577 153 1242
1 577 166 1243
1 577 176 1244
1 577 179 1245
1 577 172 1246
1 577 185 1247
1 577 182 1248
1 577 190 1249
1 577 187 1250
1 577 193 1251
1 577 168 1252
1 577 137 1253
1 577 17 1254
1 577 26 1255
1 577 51 1256
1 577 82 1257
1 577 129 1258
1 577 171 1259
1 577 215 1260
1 577 263 1261
1 577 304 1262
1 577 337 1263
1 577 353 1264
1 577 378 1265
1 577 417 1266
1 577 440 1267
1 577 443 1268
1 577 415 1269
1 577 379 1270
1 577 356 1271
1 577 4 1272
1 577 4 1273
1 577 6 1274
1 577 8 1275
1 577 18 1276
1 577 44 1277
1 577 89 1278
1 577 135 1279
1 577 165 1280
1 577 193 1281
1 577 215 1282
1 577 258 1283
1 577 309 1284
1 577 310 1285
1 577 303 1286
1 577 293 1287
1 577 247 1288
1 577 206 1289
1 577 11 1290
1 577 17 1291
1 577 24 1292
1 577 40 1293
1 577 57 1294
1 577 97 1295
1 577 134 1296
1 577 175 1297
1 577 216 1298
1 577 249 1299
1 577 277 1300
1 577 291 1301
1 577 305 1302
1 577 309 1303
1 577 300 1304
1 577 274 1305
1 577 230 1306
1 577 193 1307
2 317 93 1308
2 317 98 1309
2 317 109 1310
2 317 116 1311
2 317 129 1312
2 317 142 1313
2 317 156 1314
2 317 167 1315
2 317 175 1316
2 317 191 1317
2 317 195 1318
2 317 200 1319
2 317 201 1320
2 317 203 1321
2 317 190 1322
2 317 175 1323
2 317 171 1324
2 317 164 1325
2 317 95 1326
2 317 101 1327
2 317 113 1328
